world: world
x: -162.87991030264834
y: 96.0
z: 131.53828092945093
yaw: 91.049774
pitch: -1.9500806
name: A
