world: world
x: -198.84838936092257
y: 101.0
z: 147.48804186200533
yaw: -357.60345
pitch: 7.6499915
name: EXP
