world: world
x: -195.46153504987527
y: 111.0
z: 205.31884382737726
yaw: 271.49747
pitch: -1.1999689
name: ServerShop
