world: world
x: -197.22013212014292
y: 101.0
z: 144.30361257231849
yaw: -90.30214
pitch: 52.20003
name: Spawn
